0
55
66
98
82
82
42
40
13
61
47
82
60
73
30
63
87
80
24
88
89
69
60
55
93
10
51
69
41
61
66
63
94
1
4
21
4
86
4
1
13
91
71
98
91
7
43
92
87
64
68
2
73
30
47
68
0
54
84
52
25
33
55
64
70
58
17
14
81
62
34
78
2
39
56
80
33
90
77
13
72
19
36
95
27
59
75
11
78
11
48
85
24
48
74
38
70
16
90
46
577
675
90
962
960
862
400
400
330
525
927
522
515
333
137
597
711
620
823
528
836
574
70
361
532
168
729
99
29
453
293
41
872
816
840
512
544
342
271
539
366
473
427
679
629
734
782
970
863
430
326
716
254
855
924
622
728
733
941
589
928
342
133
363
329
991
853
104
55
303
463
839
496
76
374
741
748
313
582
125
975
384
669
80
259
188
214
685
186
617
261
834
427
570
993
789
790
269
46
734
