0
66677
1
20409
2
16359
3
51088
4
66154
5
73705
6
59610
7
64212
8
21662
9
36692
10
17754
11
56065
12
55983
13
15107
14
60747
15
26801
16
49136
17
69649
18
40911
19
28763
20
70827
21
69711
22
49896
23
39628
24
30625
25
40349
26
55774
27
61683
28
25167
29
41486
30
70652
31
31434
32
33361
33
18480
34
24998
35
54727
36
39303
37
29822
38
70056
39
72321
40
61327
41
43620
42
58778
43
26210
44
14397
45
13733
46
15284
47
52036
48
56015
49
18045
50
33972
51
21837
52
56770
53
55686
54
31853
55
25889
56
70921
57
29652
58
67506
59
71307
60
21256
61
72471
62
28287
63
31865
64
47587
65
15670
66
17313
67
53656
68
11767
69
26663
70
57039
71
33626
72
60465
73
16434
74
68864
75
13664
76
10007
77
17935
78
73082
79
22095
