5501
2835
5361
6305
7321
9340
9384
9206
4656
4453
8816
7263
3729
7731
4404
6629
3533
5921
4929
5910
7959
9212
4991
8354
9255
6577
3594
8112
6613
9816
3933
4153
8129
1547
5075
3887
5448
2494
6348
6253
2249
5345
2840
9921
6778
6995
9244
5462
5956
2086
2841
6008
4918
1385
3257
2729
4076
3732
8861
7604
6407
6637
2618
8103
4913
6776
8847
3294
1238
5715
6589
4295
2850
8529
5164
9849
6537
8974
2754
8568
9855
4179
2102
9126
4305
4018
3227
2576
2047
4225
4612
9511
1547
6920
9011
8781
3697
1065
5971
7890
9755
2092
2268
2469
2495
1258
8990
8924
6271
5256
6802
1880
3349
8924
6314
8327
2998
5615
3620
8153
9686
2941
6952
1667
6947
7131
6762
9458
7254
9642
6363
7022
7893
5484
5533
2324
7355
3294
7238
8755
1593
5741
1362
8313
7149
8123
3376
1092
3006
3049
3559
7424
9921
8310
9146
7259
1294
4099
8528
8952
8808
3270
1282
6003
9560
8857
5537
6395
1892
3363
8007
2608
3701
2899
7272
8550
4977
1722
6925
3048
5336
5675
9363
4324
9818
3455
2957
7451
4609
9778
4088
7042
4364
2338
3644
6188
6634
8262
8714
3575
8540
8483
2236
2169
3450
2899
4867
1983
2127
8495
9875
4295
6747
2165
1493
6207
6929
2017
4992
3980
6573
4064
6202
9973
6560
5162
4125
8092
3365
9035
8375
1483
3233
1832
6766
5284
8537
5915
8512
8211
1048
3467
3964
7528
9559
1111
8203
8066
6186
7424
7422
5025
9150
3911
6219
5683
3297
9714
3938
5198
3052
5823
6863
5204
5902
8696
4441
9590
5931
7245
1770
4049
4561
5332
4970
8665
1091
1047
8622
8925
7219
1060
8710
5737
1302
7904
3392
7722
1205
9190
4786
5515
2322
2254
6568
4826
2918
7305
6430
3709
9690
6757
2818
9381
2278
5781
5273
2344
1928
8031
6483
2015
1922
8107
6927
3024
5425
2205
1803
5678
6410
7502
2306
5204
9742
3874
6180
6364
4202
6827
5328
9284
2888
4695
3791
7479
9313
2797
2262
2289
3194
1269
6667
1130
9111
3869
9337
6665
7007
3375
9274
3184
8753
7689
6041
3642
9262
5694
7146
5780
4940
7980
4723
4488
7128
9558
1484
9079
7431
1667
5136
7081
4477
3029
1796
8499
8847
8317
1396
7568
2721
1074
6255
6196
1979
2030
5241
4761
9844
9660
5811
2973
2944
6114
8694
4001
7944
1648
9273
9527
9044
2268
3872
6021
7728
2164
1028
5416
4040
5567
7863
8307
1819
9172
9170
6464
1039
3592
2146
1457
8098
1276
7719
2659
2880
4270
5428
1392
2344
9535
6851
8288
6227
1957
1880
2575
4415
3987
3167
9082
8649
8028
3939
1187
4284
7725
9135
9149
2255
4887
7946
9697
3259
6892
6670
6377
6191
1795
6952
9020
6686
6273
2440
2156
9590
6820
4631
4087
1914
5180
9047
7410
8421
8212
6529
2806
7662
3224
6187
3699
9971
6678
4656
5704
1380
9314
1386
7268
2754
8147
9402
2020
7704
1124
3709
1332
2237
7836
8061
3725
9858
7980
4532
9670
1003
1531
2032
7370
9526
6110
5699
7760
4221
7574
1935
5737
2090
4085
7672
4291
4664
7924
7329
7532
9481
5120
1420
5418
1869
5455
7951
4176
9447
1315
1799
9680
6364
6758
5722
8009
5778
3937
4869
9582
7986
5857
3977
7978
7728
5244
1677
8275
6377
9388
8197
1943
7483
1857
7017
5525
4853
3325
5251
6797
9541
5472
9493
3737
6784
5507
5556
4539
9350
6233
3824
9712
9035
9715
1367
6451
8552
3805
6626
4251
3014
1333
7527
7866
5500
4023
5596
4474
2878
9090
7837
8190
1205
4232
2777
6701
3067
1943
9793
4849
2525
2101
2895
1695
8657
2457
1261
3818
3515
5735
4406
2397
4834
9631
2162
6846
3364
9561
6642
1767
9175
9689
9719
1221
1634
4687
7238
9896
3315
3851
3509
8326
2866
1955
2755
4109
3249
7530
2764
8843
3359
5646
6630
2772
3691
5400
3987
9968
1431
6721
7936
2348
8941
3576
1030
1842
6458
8660
2348
7283
7673
2490
9355
4355
1682
2644
1538
7019
4647
7951
3718
4785
3676
8435
1193
1057
6757
3114
6454
5317
9113
8172
5014
3329
1577
1483
1737
8841
6172
7932
1935
8285
3553
2439
9019
6496
7449
6053
6404
1961
7763
1163
6738
8626
2570
3859
5823
5493
8902
9897
6102
3935
5293
9334
7979
3705
8057
2666
8994
2990
3256
8722
7686
7812
8281
5511
8779
2238
8698
1626
6780
7703
2721
4416
4124
9106
7714
1201
5669
6933
6178
7029
3108
9591
6548
8273
3060
4437
1505
3409
4416
5214
8402
7245
6758
1109
1633
3101
9750
7427
7320
4388
6728
2850
9438
5793
6217
5952
8362
5415
2783
3881
1392
2052
9671
4282
7992
1012
6546
9791
5029
6198
5429
7581
5750
3571
6014
7826
1159
8630
8871
4605
8774
2613
8375
4951
4749
2704
6240
5882
4741
3853
4801
1412
7390
7104
3631
5945
1519
5738
4876
7030
6096
3060
6958
7940
9386
8773
2703
4621
1073
2560
5038
9226
5227
5139
9487
2000
4215
3776
7359
6025
1779
8980
3196
7516
5218
7382
4892
1065
7938
9964
4801
4925
3921
3160
6708
9682
6674
4471
3797
8165
4485
9716
3871
9824
2857
4065
4928
3609
4815
3221
1943
5461
7170
7972
4033
4630
1080
9729
5208
3873
8646
9528
3090
4217
5478
1458
3898
8160
2548
1584
5306
4547
7722
6831
5929
5111
8107
9983
2895
1297
7943
7688
9392
3854
8804
2322
8355
8891
6225
5171
7478
1326
3890
2891
2123
8284
4078
4311
6164
7927
6230
8272
4432
3496
5735
3956
4957
7437
4375
1858
4995
1320
8149
2117
2573
8856
9145
9266
5110
3952
9391
4224
5173
6730
2496
5326
1043
3366
8905
6563
1978
6832
1061
2291
3618
5795
4921
9957
1481
7860
4738
9614
6457
8313
5591
6090
8595
1272
1808
5570
4650
8198
9512
3521
1672
5103
3706
9216
1344
5888
1187
6024
1409
9789
4723
6350
2379
1994
6158
9063
8329
2102
8268
4571
3999
8506
5442
6135
9728
2611
1727
4682
8833
1525
3098
3914
7187
9357
1602
5887
5755
9229
8075
7158
8027
2246
9505
5857
1662
9457
7593
1342
1016
9150
9355
8327
3507
5828
4969
8480
9291
5311
1091
5893
9649
3124
4102
9163
2750
6531
5101
6024
7767
7076
7009
1809
8758
1879
9025
8428
4617
1203
7413
1256
1231
3503
9476
6097
9506
5757
5669
6920
8800
5424
8458
2610
5844
8844
7492
1765
3449
4772
2119
9794
1541
5010
9323
5420
9542
9040
4825
5739
8236
9669
6464
6408
8506
7734
9167
1054
7425
6928
7204
7559
3730
7873
9594
7427
5933
4145
2159
5154
6801
9853
2764
1581
2823
9230
